time---rad---Tamb---hw---Tsky
0600	16.3	289.7	5.4	    267.9
0630	59.5	291.95	5.4	    270.8
0700	138.6	292.4	5.4	    270.2
0730	250.5	292.85	5.4	    269.5
0800	364.0	294.1	5.4	    270.4
0830	481.6	295.35	5.4	    271.3
0900	583.2	296.2	5.7	    272.2
0930	678.1	297.05	6.1	    273.1
1000	753.3	297.85	6.6	    272.3
1030	819.6	298.65	7	    271.1
1100	869.3	299.5	7.3	    272.6
1130	907.1	300.35	7.6	    274.1
1200	926.6	300.75	8.5	    274.6
1230	933.2	301.15	9.3	    275.2
1300	923.3	301.55	10	    275.7
1330	901.5	301.95	10.7	276.3
1400	859.5	302.35	11.3	276.6
1430	807.2	302.75	12	    277.0
1500	727.5	302.55	11.5	277.1
1530	641.9	302.35	11.1	277.2
1600	543.3	302.2	10.7	276.8
1630	441.4	302.05	10.3	276.5
1700	316.9	301.85	9.8	    275.6
1730	206.3	301.65	9.3	    274.7
1800	96.1	301.05	9.6	    274.4
1830	30.3	300.45	10	    274.0
1900	8.1	    299.9	10.4	273.2
